27   92   212   80 
28   90   216   76 
27   88   213   76 
24   87   216   73 
24   85   215   74 
26   85   216   71 
26   84   215   70 
24   83   217   66 
24   82   217   65 
24   82   214   67 
25   83   215   65 
26   83   216   63 
25   83   216   62 
25   84   214   65 
25   84   214   65 
25   84   216   63 
25   84   213   66 
24   83   214   66 
24   84   216   63 
26   83   216   64 
26   83   216   64 
25   83   214   67 
24   82   214   67 
24   82   215   66 
24   82   214   67 
24   82   214   67 
25   83   215   66 
26   83   215   64 
25   84   215   64 
26   84   214   63 
26   85   214   61 
25   86   213   59 
24   86   211   54 
26   87   210   53 
26   87   209   49 
26   88   207   47 
26   88   205   47 
26   89   202   46 
25   89   200   46 
26   89   202   39 
26   89   200   38 
26   90   198   38 
26   90   196   37 
26   90   195   37 
28   91   194   37 
28   91   193   36 
28   91   193   35 
26   90   193   35 
26   90   193   35 
26   90   193   35 
26   90   193   35 
28   91   193   36 
26   90   193   35 
28   91   193   37 
28   91   196   36 
28   91   197   38 
27   91   200   40 
26   91   204   43 
26   91   212   52 
26   91   212   55 
25   88   213   73 
25   86   210   78 
24   73   211   79 
25   67   212   79 
30   56   210   82 
31   52   210   82 
31   49   208   83 
32   48   210   83 
32   48   210   83 
31   46   208   84 
32   45   209   83 
33   46   206   85 
33   45   206   86 
33   44   207   85 
34   46   206   86 
34   46   206   86 
34   45   206   86 
34   45   206   86 
34   45   208   85 
34   45   208   85 
36   46   208   85 
35   42   208   85 
35   44   208   85 
36   41   208   85 
36   42   208   85 
37   41   206   85 
37   38   206   85 
37   37   206   85 
39   37   206   85 
39   36   206   85 
40   36   206   85 
42   36   206   85 
42   35   206   85 
42   34   206   85 
44   35   206   85 
44   34   206   85 
45   34   206   85 
46   33   206   85 
47   32   204   87 
47   31   204   87 
50   31   207   86 
50   30   207   86 
51   30   207   86 
52   28   207   86 
53   30   207   86 
54   29   207   86 
55   27   207   86 
58   38   207   86 
57   30   205   86 
59   31   207   86 
60   30   205   87 
60   28   206   86 
61   30   205   87 
61   28   205   87 
61   27   205   87 
61   28   205   87 
62   28   205   87 
62   29   205   87 
63   30   205   87 
63   30   204   87 
64   30   205   87 
64   30   205   87 
63   30   205   87 
63   31   205   87 
61   30   205   87 
55   29   205   87 
55   38   205   87 
55   28   205   86 
59   30   207   86 
64   30   207   86 
67   32   205   86 
69   32   207   86 
69   32   205   86 
69   32   205   86 
70   32   207   86 
70   32   205   86 
70   32   205   86 
70   31   207   86 
70   30   205   87 
70   30   204   88 
70   32   205   87 
70   33   207   87 
71   33   207   87 
71   33   207   87 
71   33   205   87 
70   33   205   87 
70   34   205   87 
70   33   207   87 
70   33   207   86 
69   33   205   87 
68   30   205   87 
67   33   205   86 
63   30   205   86 
61   32   205   86 
58   32   205   86 
54   32   205   86 
50   32   205   86 
47   34   207   86 
44   34   207   86 
42   36   207   86 
38   36   207   86 
36   37   204   86 
32   42   205   86 
32   46   205   86 
28   46   205   86 
26   48   205   86 
24   50   206   85 
22   53   206   85 
21   55   205   86 
20   57   206   85 
20   60   206   85 
19   62   206   85 
18   64   206   84 
18   66   206   84 
17   67   206   84 
18   69   206   84 
16   69   206   84 
17   71   206   84 
17   71   206   84 
17   73   208   84 
18   75   205   85 
19   76   205   86 
15   76   206   85 
17   77   206   85 
17   78   206   85 
17   79   206   85 
17   79   205   86 
17   79   205   86 
17   82   206   85 
19   83   206   85 
19   84   206   84 
16   82   206   84 
23   81   207   84 
25   82   204   86 
32   83   205   85 
32   84   205   85 
33   85   205   85 
35   86   206   86 
35   87   206   86 
34   86   206   86 
36   87   206   86 
35   87   206   86 
36   87   206   86 
36   87   206   86 
36   87   206   86 
36   87   206   86 
36   87   206   86 
36   88   206   86 
37   88   206   86 
38   89   206   86 
38   90   206   86 
36   89   206   86 
37   89   206   86 
38   90   204   85 
38   90   204   85 
36   89   204   85 
36   89   203   86 
36   89   204   83 
35   88   206   82 
35   88   206   81 
33   87   206   79 
34   88   204   80 
34   88   205   78 
34   88   208   76 
34   88   209   75 
35   88   210   74 
36   88   212   71 
36   88   212   72 
35   87   215   68 
36   88   214   70 
35   87   215   68 
35   88   215   67 
36   88   216   67 
36   88   215   69 
36   88   217   67 
36   88   217   69 
36   88   220   66 
36   88   219   68 
36   88   219   69 
36   88   221   68 
36   88   222   67 
35   87   219   69 
34   87   221   70 
35   87   224   67 
34   87   225   67 
34   87   226   67 
33   87   227   67 
34   87   227   68 
36   88   227   69 
34   87   228   69 
36   88   232   66 
36   88   231   66 
37   88   231   68 
35   88   232   68 
34   88   231   68 
35   88   231   69 
35   88   232   68 
34   87   233   67 
35   88   231   66 
36   88   235   59 
34   87   233   55 
34   87   234   44 
34   87   232   40 
34   88   231   40 
35   88   230   37 
34   88   228   35 
34   88   227   35 
33   88   227   36 
34   88   227   33 
34   88   224   36 
34   88   226   32 
33   88   225   34 
34   88   224   32 
32   87   224   33 
34   88   223   31 
34   88   221   34 
34   88   223   32 
34   88   223   32 
36   89   223   32 
35   90   223   32 
35   90   223   32 
34   89   223   32 
34   89   223   30 
34   89   222   30 
34   89   222   30 
34   89   222   32 
34   89   222   32 
34   89   222   32 
34   89   221   30 
34   89   221   32 
34   89   217   34 
34   89   218   32 
32   88   216   31 
34   89   215   32 
34   89   213   30 
34   89   210   33 
34   89   207   32 
34   89   204   34 
34   88   203   31 
35   89   201   32 
34   89   198   33 
34   89   197   33 
37   89   196   33 
34   88   195   35 
34   89   194   33 
34   88   194   33 
34   89   194   33 
34   89   194   33 
34   89   194   33 
34   89   194   33 
34   88   196   33 
35   90   196   33 
35   90   201   33 
34   89   204   33 
34   89   217   34 
36   90   221   34 
35   90   228   39 
32   89   235   39 
34   90   234   43 
34   90   234   43 
34   90   236   42 
34   90   236   42 
34   90   236   42 
34   90   233   45 
35   91   234   43 
35   92   235   42 
35   91   232   44 
37   91   231   45 
37   91   233   41 
37   91   230   45 
35   92   233   40 
35   91   233   40 
35   91   230   42 
35   91   232   39 
35   91   229   39 
35   91   227   39 
35   91   225   39 
35   91   223   38 
35   92   220   40 
35   91   218   38 
35   91   215   39 
35   91   212   42 
37   92   210   43 
36   92   207   45 
36   91   206   47 
37   92   205   48 
38   91   204   49 
36   91   204   50 
36   91   202   54 
36   92   204   52 
35   91   202   56 
36   92   204   54 
35   90   203   55 
38   91   203   55 
38   91   203   56 
38   91   202   58 
35   90   203   58 
35   90   203   59 
35   90   203   60 
35   91   203   60 
35   91   203   61 
37   91   203   62 
37   91   203   61 
37   91   203   64 
36   92   205   62 
37   92   204   64 
37   92   205   66 
34   92   205   67 
34   92   205   66 
34   92   202   72 
36   93   206   69 
36   93   206   69 
34   93   206   70 
36   94   205   73 
33   94   206   75 
36   96   207   75 
33   96   208   76 
35   97   206   79 
35   99   207   80 
36   100   207   82 
34   104   206   90 
35   106   203   93
-100 -100 -100 -100
